$ANSIBLE_VAULT;1.1;AES256
35353035373334303634396531633737363064303538383339313238626430623731643331376630
3064323435346134356233313664316236326362663161610a383431333539666561363734376564
31363564326333303464633537333931333438643233383033383930366633313464393530316563
6531306465613765390a306364396131643733313162613761306335313566663237373061306330
66663363393335376232393437643364666634393965326463323431633730303534356433313136
31383330346434626130313861303966306164626131623637383635613433626437333237613432
31323333343430333435373965653535383263613465333165633233376437323838323237376333
65633835396433343965663234633464303030303938373633636161383137353836666633663063
34343838613962343438373764303831343437306461303164333638666235363737323031336462
39313036653965323065316261653462666466386161376534376330396434303439633332373431
39316130376235333535633336643337333961323334326562656639353662613039666438313831
35336362353939396261323862373337373836376136353533366133373434383730303536356362
30313830396136323330653837376266626230323062613639383536613730373563313330396635
33653637363563313937386336653831366231343366363639353838373130326661323931376564
65616364326163643865366333303662636438323036666532366565313932343666643062363937
35666133346138333834393431616232613430386430643331393333313735633533613664306338
32396261313737633764336663363336343064306330316234333239356434376564633832396161
35323732653038613334643937343861323965643631353764656634623263336236616338653865
36323833666265663931373265353931633734376664643531366333646635343561343433326534
31366365303264393530326130323933383332636466633866323230393666633438343934636164
31613733383832333932656136393033613036663263643834663434353638353438383931336638
30373934343836636131343538333162396661343437396631363934353036633231663164353635
32333564306130363633303136346135386432303832303630386134393739623462633662356336
31323763353736343938306664326638356530313533376262376162376232316164373931373662
30306636396233653936373237633462383262313337363535336431313436633733313437613131
63613432663936616538326134396232313935663036393262306265346264316539626331663562
39363862353330626264613030393765346665663433623634363632303730333132323036313764
65333064663631366330303136396237663465643431323331376233646438613039626563656630
34393537643565323865383066353936346663613434656165653033363165353462653330333664
62316236313232646162653931323133346130616566653766356462353166343430626230626336
35356539353138303734396436373431613730383865343936393964396462623261666631616136
38326663363330373564373633376237613864333332326636306165353962353435353738373765
66323939363665313339353136393431613431306438616131363865623037313363343739343134
66393961393165333736633831366533633532633735376662643639623136623736323538323535
36373162383839383438356336666661373634353831653538356436623464366366386537346363
65393630306435656439326461623834313363613336383130626161663162623832336363343930
66383239313431303939393131363061333532646436313234353034393261336165343939386536
33343337336638613730643965643837306433323566313333333031646561343531393433646435
62643265346566333037666632393863623831306435343161643035633563656130363035353765
64623636663536356661303536383661326365313230653066353435343636663932346563386136
62666439326139323566393232363035616461306536626163386430616530346334633162393962
35366136313734346631363836373236623862626636356431663862393536363132383030626231
37626663333034326533633166393362363263623165303261326139336261323637396239306530
31656532353537663137353038383665336364316266636434626134383036366237323934633236
61313162393234343161643938653065346263333332383934363261666631333035376666316662
32343765613239653438323433623837333232336461656335303538386337343532363134373738
39316466366462383461326263346633613863376139323439613333656665623161346463623365
64343434393663306463323762376161346633383638316330303461383535363230646662373633
31316130383864313430346566333133343533663833613261613237333237646639306639613761
30663630373166386630353164613233363137386664613434393262666564376663333266373538
64343033653838363165383563623330353731616133656639376634653335363831663562353365
32616439343330623764373062356164353734393333643331633739616465336338333466373361
30663930646562393464333335393061626466373732663733366133666237306234363338303266
66623537306133653339386235363364343037343561336537613437656162613734323036666336
63633263343534326132653034336665313136363362646131353865623462613930613037663634
62636165663934363364353531636364386135633933323736663664623066323061323331386537
37363635313161663235313362656234306234633638633265306161343837616635636535333231
66336137326161303837623763396562383461626433313331373137346230306134326232333730
30303664653430343939613562613339623935653037343038613966376133303462666635613739
66386131343132303630386136663966386336363938396231653063363162346366666362616636
38313836393238383962336538356233633761303735326633616535383562333939336463393834
30396133386231343731343639323536646635333465373639326361306639663839393138666564
62326236386132323665373032306433633761626566396462313535373463373838626539346563
32613039326632643966
