$ANSIBLE_VAULT;1.1;AES256
64336538633232666636633964356530643737363532303362663633666436316363373232623830
3862316635653739373032393639393736303065393335390a333631373039656463633336636562
61613730636535326665633235643138303334633539656636373463646661653565373130656331
3139346466316439640a656334323662336631353831376361363865613233616438643564653237
63363731366361313964336365306466386534303231666432393964643163363837663562623964
66343633326164643135613730663466313061353062666234313062336139343961643731376432
30393430333030646362363831623535376432336361303461313235383834383434303132373535
34313636306438306436633164323533333639386432616138636533326438656465623033306363
63663934303939396465333036343638623837353937336532333736326635633835383833316133
30633333653861633063366533376138623130646638313736393562333161393966316664656339
35646563653430323234336465333338646137656134373962656135383262333736666137663761
37663662323539623763656135396435333430643139383933643665376666386638316537343938
31393063373238396439356162353866326435643836623733393230393662343863333465366363
6139313736353535313131393738323734363731363963646637
