$ANSIBLE_VAULT;1.1;AES256
39373431323236613134623664393864393061363465333734633836333538353232363439656166
3431353131653863393134343362303462396463306562360a396538616331313238313563623465
64623539333639343762383061323436383162633630663038303061386365633530376364306334
6134363333663736320a646262393236663331383537336236383734613939383431336532656664
33666434616366396632623966366464646565653266366636623939636535333334663163323130
31653332323835316332323365343633616636666132646662633530323964623862356633386635
39363133303437646239343138326537613433336465393032626330383266396364383437616633
38623537643033313362383362646230383762316464313433336238633761383534623534346532
65633138333432663566613331623565376562653331646235616137666534613565613937626266
33326533363839646164343937353439636265333664383864373266393763303332666639353565
36373664383436303333363364326664636437663263313538643138316334333765336332316132
37366332383464363730333064333038356162646432366135613761346136386231343133336263
66323861653335306232633833376335636336373535353462303962323561376465663430643437
38643436396262656163623239663034646538303036336639303134386464333038653364396364
633263323066363364376165323237336163
