$ANSIBLE_VAULT;1.1;AES256
30363232303462316432663238646639316630653964376462343166373164383365303566366235
3038623361363761356563353066656635376336613730310a663636643930633438396437623261
30303731366131303530306435623963396232353530373361306431643866346534343535383730
6336356166666236610a326535666130396232313261393636343033386433346532396666356261
35636538643431353039646261626164343132656136326239333835336431363935396665613535
31653339623235623161626163626335666662373537643163653237303831363135323432393439
65323666666138633937336531393436353363666562663663356630663231356466633432393232
61623230653662373662336636666534616532323836303635343737366163353561393932306430
62396461653234343766356135326630353064306261323430303433386232303766376662363862
63326564343639343631653933393866613435656665313431646338376438306364633332643235
36316466623439623030366331366639633034626433666236326665623863346530633337346435
66333730643966326634633765366165313633346337393637393637643739393066663463363366
34386365643664386430613132333931363737313034346339386266383433353936343835666561
35613964313833356534316466323232323064386161653466356532363238373665346161333331
38373565313961656239343866383165626137393539626265316334633062363134346564376235
37323964323464353532356332386166323366383664626363303766623034383930663237653330
38633537386632373839383061666662663435616563336135626531303538373466373635336362
39313631613064363732386364353536653265646636633534383665363035326362336437666333
35666238373230346463323963326636323638363033636637626432393036333639633163653032
30323963393039393831393961373933376432646334363039316462613333306265626136326163
62343531326663393938613866626534643439646136363634656433373436393031653135313036
63666562343863343964653131316664613661313264356565626632333262616631393733383966
33643734353738326635333132366238316133623363633634326562393530663666633430626233
35633534313330333339333133643634386630323937653863303865316534343935396538313137
35656538646138383736663664666434393439346531373562336533633366363265653636303362
62383134636664613337613066313266623630393662386537383230343138643131363038623662
63313430613366316236363063613934656636623835386539633065326662646530376639656465
37333665373339326339336562383936343438353762623134323633343039313135323733656161
38303062326231303735383031316262353535633530353936646634623163393731616533633564
38376139313965303761626664373362336466326636633765346163666566313564656231323436
35336166633137613763396535653966373039646430643465613335653833383161623335326530
32656566636637303635326666653733343764396231353737333365633432343532363532656436
38656161363038316335393739643162373965666363363265623463336162373937366235376463
63393961646532666134666163323638653237356461643032333061373138316534386261323537
30326266336564373230626234313362353562643962646138623465393462333532626637616364
31366661326631656264656363346237313630656666623131313537333462326564383832383531
36366334313965643463303632343931616463336633306537343439626136376435623637366231
62373864663262613835366663363837663538303834306130376363343265356364316135626539
31343064663833663839633034646134616261373433356334653339653866336339373435333965
32623733623339343834346161663636323732643433353133623730393533623661303138633264
65323163613130363062636662373661636161653139393933376561386138636633666532376137
36396632326638306164303366643937343034626637396336373764343761343833643163333962
61646230613030613132336364313866626535653839646430636361626135333734613937323661
31366636636166306235333032333837303535326436323434653636323538346534363135613830
39323166663731326434653935623462396130643161636364666538643338353338393934623931
34373539643636353437363035316236343366626238663739373864306534643466646332663538
37643061613537386665393933626162393064656664366335643038373239333235636132333464
62613766353830653536383766386638666337666264626139326139633261313834663662636233
39616639396131336266326130626666663230313763623236386334363561646236646463346666
38376463623231326436613836643065333231643431633332373633313764646336393338353134
63393637633239326639343033616564383130326137636263346262336331386230323930383033
31323861666266653266346237313832333833356131356361636536396166333863373932326133
35626365306436313365356161346334303763633233633464343262646566313235343166323661
66343034643238656435343437353732613630623834633436356538383438343362653664613239
38653638666466633765313532363565646435376265356133316438323831666361333666386165
36363366306235396561663763376238333333313661613864353033666133393563353065623837
63373032386238626565313837343165643963316535393230636562373564666164623839613165
66626535313362636638613864333764393937353465363233363132336362396238356465333361
38623137663437383731323762623261346263326531653863303633663438336439616432613364
63376161373437623832653734663563366461386234313339366665366531633635353762396534
36386665656236376565346162633262363232623364353562636537376162386536376463616430
39636139643235653234633530666535623931373134643130646230323863626331656431333033
61653039623266373561613436656266633631346239626133613735333835663739336333613139
32363336633662653164643161306366633161613833666465323034306135356563343739333639
6139
